9 10 10 10 10 9 9 10 10 9 9 9 9 9 10 10 10 10 10 10 10 10 10 10 10 10 10 10 9 9
10 11 11 11 11 9 8 9 11 11 9 9 10 10 10 10 10 11 11 10 11 11 11 10 10 10 10 10 10 10
10 12 12 12 12 12 11 12 13 13 10 10 10 10 10 11 13 13 13 12 13 14 14 12 11 10 10 10 10 10
12 14 14 14 14 13 13 14 13 13 12 12 10 10 11 13 13 13 13 12 17 17 16 14 12 12 12 11 11 10
13 13 14 14 14 14 13 13 13 12 13 13 12 12 13 15 14 15 15 15 16 17 15 16 15 13 13 13 12 12
14 14 16 16 15 14 14 13 13 12 14 14 13 16 17 16 17 17 16 16 16 17 17 16 16 16 15 14 14 13
16 16 16 17 17 16 16 15 15 13 14 14 16 17 19 19 19 21 19 18 20 19 18 18 17 16 16 14 14 14
16 16 16 18 19 18 18 16 16 15 14 16 17 17 21 20 21 20 20 22 22 21 23 21 21 20 19 16 14 14
16 17 17 19 20 20 22 20 18 16 16 16 17 20 22 22 20 21 23 23 23 25 24 23 22 23 22 20 19 16
16 18 19 22 21 23 23 22 21 18 19 21 18 20 20 21 22 25 24 24 23 24 25 25 26 25 25 24 23 20
19 20 20 22 23 23 22 22 21 20 20 20 20 20 20 22 24 26 25 25 26 29 30 29 29 29 25 24 23 23
20 20 21 21 25 24 23 22 21 20 21 20 20 20 22 22 25 26 26 27 28 28 28 31 30 30 30 28 26 25
21 22 23 24 24 24 25 23 22 23 23 20 23 22 23 23 25 25 26 27 28 30 32 31 32 34 33 28 27 25
24 24 24 25 26 26 25 25 25 26 24 24 23 23 23 25 27 25 27 27 32 32 35 33 35 34 34 29 29 26
22 24 27 27 28 28 29 27 26 25 25 25 23 25 26 27 28 28 28 31 32 33 34 35 36 35 35 33 30 26
24 26 28 28 28 29 29 29 28 27 26 26 25 26 28 28 26 27 29 31 34 35 35 37 37 37 35 34 31 28
24 26 29 29 28 29 29 30 29 27 28 28 28 26 26 30 29 27 30 33 34 37 36 35 35 37 33 35 32 30
25 27 30 31 31 32 32 33 31 30 38 31 29 27 27 29 28 27 30 34 35 35 35 37 35 38 36 35 32 30
27 29 30 31 32 33 34 36 37 38 39 31 29 27 29 29 29 30 29 32 31 33 37 38 37 35 36 32 29 28
28 28 31 32 32 34 34 37 37 37 37 36 32 27 29 28 27 30 30 31 31 30 33 35 35 32 35 33 31 29
28 30 30 33 35 36 36 36 37 35 34 34 34 29 31 30 28 31 32 31 29 33 33 34 33 35 32 31 30 27
29 31 32 36 36 36 36 35 35 35 35 34 31 31 32 31 29 30 30 32 32 32 32 34 32 31 29 28 26 24
30 32 33 34 33 34 35 36 36 36 35 31 31 31 29 29 30 31 28 31 33 31 32 31 32 33 30 27 25 25
30 31 33 31 32 35 36 37 36 35 36 30 30 29 28 27 30 30 28 31 28 28 29 29 30 30 27 27 25 23
28 31 31 31 34 37 36 37 37 37 35 33 31 28 27 27 28 30 29 27 28 26 28 29 29 28 25 25 24 22
28 29 31 32 32 34 36 37 37 36 35 31 30 29 26 26 28 29 28 26 25 26 27 26 27 26 25 24 22 21
27 29 30 30 31 32 33 37 37 35 32 31 29 25 25 26 27 26 26 25 23 22 23 24 24 24 25 23 22 21
28 30 30 29 29 30 32 34 35 33 31 29 27 26 23 25 24 24 22 23 22 23 22 22 22 23 21 21 20 20
26 28 29 29 29 29 28 30 30 30 28 28 26 25 24 24 22 21 21 20 21 21 19 21 20 20 20 20 20 19
23 24 25 26 25 25 26 25 26 26 25 26 26 24 22 22 20 17 18 17 17 17 18 19 19 20 20 19 19 19