9 9 10 10 11 11 11 12 11 12 12 12 13 13 13 13 14 14 14 15 15 15 16 16 16 17 16 14 14 14
9 11 11 10 11 11 12 13 13 13 12 13 13 13 15 16 16 15 16 17 16 16 18 17 17 17 18 16 15 14
11 12 12 13 13 12 13 13 14 14 14 13 15 15 16 16 16 16 17 17 16 17 18 19 19 19 19 17 15 15
12 13 13 14 14 14 15 13 14 15 15 16 15 16 16 16 16 17 18 19 17 18 18 19 20 21 20 20 17 17
13 16 16 17 17 15 15 15 15 15 17 16 17 19 19 17 18 17 18 19 18 19 19 20 21 23 22 20 18 17
16 18 18 20 19 19 17 16 16 15 19 18 18 19 19 20 20 19 20 21 19 21 20 20 22 23 25 22 18 17
16 17 20 22 20 19 18 16 16 18 20 18 18 19 21 20 21 21 20 22 22 21 22 20 23 25 26 22 18 16
16 17 20 21 21 18 18 17 19 19 22 21 20 22 21 21 22 23 23 21 22 22 21 22 22 24 23 21 19 18
15 16 19 20 19 17 17 19 20 19 21 21 23 23 23 23 23 24 25 24 24 22 22 22 24 23 20 17 18 18
15 17 17 19 18 19 19 20 20 20 21 22 23 22 23 23 23 24 26 25 23 22 24 24 23 22 21 18 17 17
13 15 15 19 19 20 21 23 20 20 20 22 24 25 24 25 26 26 26 26 22 23 24 27 25 23 25 21 18 18
15 16 16 17 20 20 22 23 23 23 22 24 25 26 27 27 28 28 29 27 24 23 24 25 25 25 24 21 19 16
14 16 17 17 18 21 21 23 24 24 24 24 28 28 27 28 29 29 29 28 27 26 24 24 24 23 22 20 19 17
15 16 18 19 21 20 21 22 26 27 25 28 28 28 29 29 30 30 30 29 26 27 26 24 26 23 21 22 20 19
15 17 18 19 20 22 23 22 27 27 29 30 30 28 28 30 30 31 32 31 29 27 28 30 28 25 22 23 21 18
17 19 19 19 20 21 23 24 27 30 31 30 30 32 32 33 32 31 32 30 31 28 29 30 28 23 22 21 21 18
18 19 21 21 22 23 24 27 28 30 31 32 30 31 33 32 32 31 32 32 31 32 31 28 27 23 22 21 20 18
18 20 23 24 24 24 26 28 30 31 31 31 31 31 34 34 33 36 34 33 33 34 31 29 28 26 22 21 20 19
20 21 24 24 24 24 27 28 29 29 33 33 29 31 34 34 33 34 35 34 34 32 30 29 30 26 25 22 21 21
22 22 24 26 28 28 28 29 30 29 32 33 30 30 33 34 35 35 35 33 32 33 32 29 28 29 25 24 23 22
22 23 27 28 33 32 32 30 31 31 29 31 34 31 34 36 36 33 32 31 32 33 31 30 28 29 27 25 24 24
22 25 29 30 33 34 34 33 34 31 30 33 33 32 34 38 35 33 31 32 30 35 31 29 30 29 26 25 24 24
23 26 30 31 34 35 35 37 33 32 34 33 33 33 34 38 38 33 33 33 30 33 31 32 31 27 27 24 24 22
23 26 30 34 34 37 36 36 34 32 33 31 31 33 34 36 38 33 33 31 33 28 32 31 30 28 29 28 27 26
24 25 29 34 36 37 35 32 32 33 33 31 32 32 34 34 36 35 33 32 33 29 30 30 29 31 30 28 26 26
24 25 27 32 33 35 33 31 32 31 32 30 31 32 34 33 36 35 33 32 32 30 30 29 28 30 29 26 25 25
22 24 25 28 30 31 30 30 29 28 29 30 29 32 33 32 34 34 32 32 31 28 29 27 27 26 27 25 25 25
21 22 23 24 25 28 28 26 29 27 27 27 28 29 30 28 31 30 30 31 27 27 28 28 27 25 25 25 25 22
19 21 22 23 24 26 26 24 25 24 23 26 28 29 27 26 28 27 28 29 25 26 25 24 26 24 24 23 22 20
18 19 20 22 23 23 24 22 21 21 23 24 25 27 24 23 25 24 25 23 24 24 22 23 24 23 21 21 21 20